name: ffd
channels:
  - inso
  - conda-forge
  - defaults
dependencies:
  - bzip2=1.0.8=h2466b09_7
  - ca-certificates=2025.6.15=h4c7d964_0
  - libexpat=2.7.0=he0c23c2_0
  - libffi=3.4.6=h537db12_1
  - liblzma=5.8.1=h2466b09_2
  - libsqlite=3.50.2=hf5d6505_0
  - libzlib=1.3.1=h2466b09_2
  - openssl=3.5.1=h725018a_0
  - pip=25.1.1=pyh8b19718_0
  - python=3.9.23=h8c5b53a_0_cpython
  - setuptools=80.9.0=pyhff2d567_0
  - tk=8.6.13=h2c6b04d_2
  - tzdata=2025b=h78e105d_0
  - ucrt=10.0.22621.0=h57928b3_1
  - vc=14.3=h41ae7f8_26
  - vc14_runtime=14.44.35208=h818238b_26
  - wheel=0.45.1=pyhd8ed1ab_1
prefix: C:\Users\ASUS\miniconda3\envs\ffd
